000111101111000010110011000
000001101100011100011110010
000101111100110111101110001
000101000010010000000111010
000000000100101100010011010
000000101010000010001110000
000101110101001001101110001
000011110000101100110001111
000001101101011110100001001
000110011111000111000100010
000110001110101111010001100
000111011101010100101001111
000010101000111100001111010
000101011010001110110001001
000110101111001010110010100
000100100110010100110010011
000100100000111101111010011
000100101111000101000010000
000011001111110011100101111
000010111110100011010010111
