001110011000111101101001100
001111011111100101110100101
001110111001100110000100101
001110001000011111101101001
001000001000110101000001101
001010111011010010011110111
001111100101011001001011011
001000111010101000110011001
001110111011111000001011001
001110001001100111111001000
001001001100101011100000000
001001001001001000001001110
001000000000101101000001010
001000110110101000011101001
001100001001101100111110111
001101011100010001100101100
001100010000101010001110001
001001111000011101010101011
001011110101110111011010000
001010101111001110000111111
