111001100000100000000110101
010101001111110000000101001
010111101111010101111011011
011111101100010000001100000
011111101101111000000111111
011111111101011111100111001
000000010101110010011000000
001110011100101111101010001
110110110000110110000101100
110001000000101101011100101
101100000110000011110100101
011111101111101000000111011
011000011101000000001000100
011111110101010111110000100
011111111110000111100001110
011111100001011111100111100
011000011001111000011001011
100111101110010100100100001
111010101000110100011010101
000101011000000110001100100