111011111110101011111011100
111111111011000000000001111
111100101011011110011011000
111101011001100100011110111
111001001100101111000011011
111010001101111001101111110
111100110101111100001101010
111100110010100000100110010
111111011111010000111111110
111000010000001101001010001
111100110011001101100000100
111000101001001100110011100
111110010110000011110110000
111111001100111011011010000
111100101000001101010100111
111100100111010101011100100
111000010111101100000000111
111010000001100110011011101
111100000000110001101001110
111100100011101101010111011
