110001011100000111111101100
110101000001000001111101001
110100101100011110001110110
110010011101000100011011110
110101100100001101101111111
110000011101100101010100001
110011001110100011001101100
110101101101000010010110010
110011010011101001000010101
110101010001101110101111010
110110110101111111010001000
110000101001101101010101100
110111000001001011001110001
110100110011010000000011010
110110000110100001001010111
110110110000100110111010101
110111100011111000100011111
110100110001110000111100111
110011100011010101111001000
110010011111011110010000010
