010000101000111000000001001
010111001010110000001011011
010100111110100111111101011
010111101011010000010011010
010000000010101001110010011
010011000000100111111110111
010111110111101110101110111
010100111111000111111110111
010111001111001000010000110
010000110110111111111001010
010000000100101101100110101
010000000100011111011100110
010111101110110000000011011
010111001000011111111111100
010000000001110111110101001
010110011001110110010111111
010000010100001011101100110
010001010111000010001101000
010011001001010011110101110
010110011110100111000100011
