101011100111010110110011101
101110001110111001011011010
101100111101100010010111001
101100000011011001010101100
101011011110111001001000000
101001011110100101000000110
101101110110000001001011000
101111011011011001100011110
101101100000110010111001010
101001001011011111011111110
101001100101000011000001001
101110011111010110100100010
101101010010000001100001000
101111100000001110000111011
101011100110110101001001000
101100100101000011010010001
101101100111101000011010100
101100011101000100110000010
101101100110110001001000100
101010100010100011011000010
