100111010000110010100001000
100100010111100011001110010
100100000110111111011110101
100100001110111111100110110
100100001000001010101100000
100001101011101111001000010
100011001101101000010101110
100010101010011100011101101
100100010100110111010000011
100000010100010111001101101
100010111110011001010110001
100111101101010100101100100
100000110001010011111010110
100010111001011011001111000
100111000100111111010000000
100110001010111010100001100
100010010101010111111110101
100110010011111101000000111
100001101010110010010101011
100000111001101110100110111
